0.000000000000000000e+00 9.999999993055556091e-01 6.944444444444441832e-10 0.000000000000000000e+00 9.991666516262356357e-01
5.000000000000000000e-01 9.999996235556051216e-01 3.764443948714731886e-07 8.368487135638838038e-59 5.456012533008148813e-01
1.000000000000000000e+00 9.999994191035701530e-01 5.808964298879122233e-07 1.815076498084749431e-41 2.955703122335056054e-01
1.500000000000000000e+00 9.999994074865058424e-01 5.925134941249321437e-07 4.008472023894217308e-32 1.090122866013926445e-26
2.000000000000000000e+00 9.999994074865058424e-01 5.925134941249321437e-07 5.480769520900221357e-26 2.114819170761611340e-20
2.500000000000000000e+00 9.999994074865058424e-01 5.925134941249307672e-07 1.357455288620485530e-21 6.963236533786956708e-16
3.000000000000000000e+00 9.999994074865058424e-01 5.925134941223539871e-07 2.702197202359221557e-18 1.770707698969413049e-12
3.500000000000000000e+00 9.999994074865058424e-01 5.925134932403434496e-07 9.536864420840160641e-16 7.774356503356053874e-10
4.000000000000000000e+00 9.999994074864947402e-01 5.925134090738456901e-07 9.561360507407036303e-14 9.517127750135335992e-08
4.500000000000000000e+00 9.999994074858974402e-01 5.925104097680438471e-07 3.691513594444857305e-12 4.424762741645992027e-06
5.000000000000000000e+00 9.999994074702293068e-01 5.924621647250246416e-07 6.760459319032373797e-11 9.647344621057765191e-05
5.500000000000000000e+00 9.999994072492912611e-01 5.920687399140030899e-07 6.819675312688902329e-10 1.145937812208580207e-03
6.000000000000000000e+00 9.999994053808543004e-01 5.903835717736559720e-07 4.235572717155793855e-09 8.278266386767953872e-03
6.500000000000000000e+00 9.999993950744350268e-01 5.872808586748172698e-07 1.764470494282758764e-08 3.953655969513356766e-02
7.000000000000000000e+00 9.999993554568318288e-01 5.917670168090845869e-07 5.277615003913132445e-08 1.333456100483264573e-01
7.500000000000000000e+00 9.999992433927700208e-01 6.367189769893409321e-07 1.198882516786490229e-07 3.354436394740747396e-01
8.000000000000000000e+00 9.999989988959916420e-01 7.840183815979684202e-07 2.170856253191314737e-07 6.601331565154626713e-01
8.500000000000000000e+00 9.999985695422456411e-01 1.103219197957399170e-06 3.272385549128987120e-07 1.061533918498351214e+00
9.000000000000000000e+00 9.999979378507044547e-01 1.634640903660992138e-06 4.275083903448935297e-07 1.453344328830055598e+00
9.500000000000000000e+00 9.999971286947126892e-01 2.368857509340696783e-06 5.024477764983772803e-07 1.761443441485957218e+00
1.000000000000000000e+01 9.999961928493281693e-01 3.257848336319053136e-06 5.493023333236362224e-07 1.958988220719966478e+00
1.050000000000000000e+01 9.999951830216917692e-01 4.242768032715917682e-06 5.742102672821469067e-07 2.061702190292184156e+00
1.100000000000000000e+01 9.999941386916043617e-01 5.275675342468799563e-06 5.856329804748858925e-07 2.102295708971119392e+00
1.150000000000000000e+01 9.999930833012030673e-01 6.326461298008128462e-06 5.902368907929174593e-07 2.109833089595113176e+00
1.200000000000000000e+01 9.999920283483778594e-01 7.379609216372731778e-06 5.920382640871023058e-07 2.102768555526635108e+00
1.250000000000000000e+01 9.999909783861611334e-01 8.428209958237452938e-06 5.933808538823751927e-07 2.091142875374381926e+00
1.300000000000000000e+01 9.999899339375369900e-01 9.469356718034426209e-06 5.965996108849953725e-07 2.082004974526504348e+00
1.350000000000000000e+01 9.999888914448377131e-01 1.050201001973283302e-05 6.061334237490065832e-07 2.085724687537109379e+00
1.400000000000000000e+01 9.999878398762014342e-01 1.152768659943757633e-05 6.310743186814636212e-07 2.123003362683371087e+00
1.450000000000000000e+01 9.999867538489269903e-01 1.255477790492014878e-05 6.874748210274942851e-07 2.231364326667575337e+00
1.500000000000000000e+01 9.999855843630979235e-01 1.360704350026059408e-05 7.988461592975305132e-07 2.467426756550745726e+00
1.550000000000000000e+01 9.999842503872539146e-01 1.473477734270070813e-05 9.933017290640734955e-07 2.900666974795828690e+00
1.600000000000000000e+01 9.999826359664300002e-01 1.602421018016265649e-05 1.297364447864627677e-06 3.597975622281519570e+00
1.650000000000000000e+01 9.999805963312119461e-01 1.759948822295389511e-05 1.728739038213639085e-06 4.604536115070768432e+00
1.700000000000000000e+01 9.999779725664317276e-01 1.961402928610459024e-05 2.291482602391767764e-06 5.930307319515016218e+00
1.750000000000000000e+01 9.999746101046227409e-01 2.223318983909423506e-05 2.975845323212546543e-06 7.548876491954207069e+00
1.800000000000000000e+01 9.999703746298840290e-01 2.561445450076778693e-05 3.762411808863596067e-06 9.408255009815981396e+00
1.850000000000000000e+01 9.999651609144527553e-01 2.989186956971112068e-05 4.628065481743431747e-06 1.144693463824475899e+01
1.900000000000000000e+01 9.999588939629646678e-01 3.516834206286490995e-05 5.551065766428871207e-06 1.360747617021299405e+01
1.950000000000000000e+01 9.999515249135622064e-01 4.151535214585364675e-05 6.513877692615728980e-06 1.584361176645675506e+01
2.000000000000000000e+01 9.999430249227244660e-01 4.897715464885591823e-05 7.504052824395222018e-06 1.812163052382127404e+01
2.050000000000000000e+01 9.999333790802183985e-01 5.757642413705323651e-05 8.514409040132409810e-06 2.041951488421419469e+01
2.100000000000000000e+01 9.999225805781566390e-01 6.731966434769192742e-05 9.543796659061148002e-06 2.272725104307893673e+01
2.150000000000000000e+01 9.999106240174213678e-01 7.820232510433007479e-05 1.059920915498734232e-05 2.505010494782990094e+01
2.200000000000000000e+01 9.998974963238845826e-01 9.021471147310102900e-05 1.169926389032547922e-05 2.741473876505862250e+01
2.250000000000000000e+01 9.998831642222087979e-01 1.033502179348611211e-04 1.287833891962887903e-05 2.987647395377358350e+01
2.300000000000000000e+01 9.998675583412596213e-01 1.176171471486362076e-04 1.419006131688522032e-05 3.252500889787039284e+01
2.350000000000000000e+01 9.998505554529365513e-01 1.330543940129198831e-04 1.570864141422199074e-05 3.548575165121469865e+01
2.400000000000000000e+01 9.998319615666235727e-01 1.497498002289364926e-04 1.752696215885617351e-05 3.891493342608112016e+01
2.450000000000000000e+01 9.998114990430264637e-01 1.678585517184654331e-04 1.975133137952368628e-05 4.298869528479833235e+01
2.500000000000000000e+01 9.997888002215249426e-01 1.876183009306044288e-04 2.249398239990483311e-05 4.788856933335326715e+01
2.550000000000000000e+01 9.997634084611541905e-01 2.093581811485731488e-04 2.586517770263605729e-05 5.378706245944795228e+01
2.600000000000000000e+01 9.997347856575091729e-01 2.335003705152885185e-04 2.996674183008816604e-05 6.083669510741145814e+01
2.650000000000000000e+01 9.997023240138424027e-01 2.605546543457736637e-04 3.488809908934994080e-05 6.916411612493851635e+01
2.700000000000000000e+01 9.996653595590854202e-01 2.911077270972431213e-04 4.070489700331313446e-05 7.886886250970709966e+01
2.750000000000000000e+01 9.996231854849095821e-01 3.258093574998359790e-04 4.747960681186829481e-05 9.002507702365458897e+01
2.800000000000000000e+01 9.995750642635239380e-01 3.653571578834613693e-04 5.526339043309660206e-05 1.026845221259009975e+02
2.850000000000000000e+01 9.995202381191176100e-01 4.104810548043274468e-04 6.409891029974666872e-05 1.168802068187655294e+02
2.900000000000000000e+01 9.994579374722782905e-01 4.619281447339295527e-04 7.402428672791880055e-05 1.326310831438126172e+02
2.950000000000000000e+01 9.993873865698253978e-01 5.204486506962909724e-04 8.507871824322421487e-05 1.499488553511068858e+02
3.000000000000000000e+01 9.993078050228414444e-01 5.867840707917224442e-04 9.731018388035328774e-05 1.688476906717727104e+02
3.050000000000000000e+01 9.992184037954884301e-01 6.616590386447385478e-04 1.107851744083221391e-04 1.893567075471241594e+02
3.100000000000000000e+01 9.991183745362979263e-01 7.457785984170662262e-04 1.255997529567979599e-04 2.115340101074592951e+02
3.150000000000000000e+01 9.990068719891371796e-01 8.398323487066922024e-04 1.418906956578267658e-04 2.354802391162757544e+02
3.200000000000000000e+01 9.988829903125193699e-01 9.445062187961754179e-04 1.598452423272551438e-04 2.613494581529249672e+02
3.250000000000000000e+01 9.987457351206442402e-01 1.060501662538772261e-03 1.797081992705056356e-04 2.893557491680712133e+02
3.300000000000000000e+01 9.985939936302727915e-01 1.188561051996584210e-03 2.017857096101340877e-04 3.197749234978030017e+02
3.350000000000000000e+01 9.984265053166113679e-01 1.329497293030453215e-03 2.264457218500985527e-04 3.529418451988472611e+02
3.400000000000000000e+01 9.982418350295586551e-01 1.484225333666574663e-03 2.541157768501192422e-04 3.892445961508371397e+02
3.450000000000000000e+01 9.980383498463385461e-01 1.653793290683297284e-03 2.852790081409437473e-04 4.291168635649968337e+02
3.500000000000000000e+01 9.978142003244850899e-01 1.839411227883539944e-03 3.204691876473270769e-04 4.730295669290276805e+02
3.550000000000000000e+01 9.975673064588228556e-01 2.042475971755410274e-03 3.602653877089768151e-04 5.214821626457317052e+02
3.600000000000000000e+01 9.972953485525088979e-01 2.264590596415997671e-03 4.052865824144108974e-04 5.749936280133491664e+02
3.650000000000000000e+01 9.969957632482310261e-01 2.507577330024220608e-03 4.561864399998155259e-04 6.340930566012527834e+02
3.700000000000000000e+01 9.966657449394155099e-01 2.773482731193868331e-03 5.136486962834396633e-04 6.993100873266921553e+02
3.750000000000000000e+01 9.963022525593272505e-01 3.064574205028264796e-03 5.783837455686997907e-04 7.711658343152563475e+02
3.800000000000000000e+01 9.959020213216881467e-01 3.383327376832056220e-03 6.511272716134577877e-04 8.501653113026850406e+02
3.850000000000000000e+01 9.954615784752351981e-01 3.732404513932846730e-03 7.326417249149611965e-04 9.367923587621875186e+02
3.900000000000000000e+01 9.949772617083600945e-01 4.114624971069659465e-03 8.237211883570748610e-04 1.031507754265984659e+03
3.950000000000000000e+01 9.944452386423633383e-01 4.532929361709339341e-03 9.251997296634676977e-04 1.134750645913927428e+03
4.000000000000000000e+01 9.938615259375428446e-01 4.990339665632586262e-03 1.037962860658786339e-03 1.246942904380895243e+03
4.050000000000000000e+01 9.932220068582733319e-01 5.489917678900055505e-03 1.162961361730025824e-03 1.368495626701051606e+03
4.100000000000000000e+01 9.925224465861750556e-01 6.034724093742895382e-03 1.301226577474535150e-03 1.499816926667747794e+03
4.150000000000000000e+01 9.917585050086140663e-01 6.627780137146464974e-03 1.453886344854590567e-03 1.641320269651807166e+03
4.200000000000000000e+01 9.909257470598065165e-01 7.272033206407423934e-03 1.622180893257295364e-03 1.793432822723551681e+03
4.250000000000000000e+01 9.900196509397307665e-01 7.970327413056938620e-03 1.807478235379216284e-03 1.956603448441849196e+03
4.300000000000000000e+01 9.890356147288456024e-01 8.725379433538580157e-03 2.011288650886371675e-03 2.131309983470914631e+03
4.350000000000000000e+01 9.879689621255491883e-01 9.539759567258349754e-03 2.235277820007753029e-03 2.318065315424285018e+03
4.400000000000000000e+01 9.868149483081946061e-01 1.041587739473060457e-02 2.481278034459089617e-03 2.517421588415697897e+03
4.450000000000000000e+01 9.855687672604666050e-01 1.135597089276133703e-02 2.751296786942914342e-03 2.729971747146397320e+03
4.500000000000000000e+01 9.842255622375332136e-01 1.236209731760446601e-02 3.047522005001530431e-03 2.956347661783956028e+03
4.550000000000000000e+01 9.827804412985923221e-01 1.343612367171849106e-02 3.372323294562364938e-03 3.197214286592000917e+03
4.600000000000000000e+01 9.812284999038012323e-01 1.457971421457802952e-02 3.728248778635682385e-03 3.453259650114281612e+03
4.650000000000000000e+01 9.795648524224014331e-01 1.579431235193694619e-02 4.118017397453024343e-03 3.725180867943997328e+03
4.700000000000000000e+01 9.777846740253169910e-01 1.708111440006201270e-02 4.544506805114213385e-03 4.013666724248373157e+03
4.750000000000000000e+01 9.758832538803083878e-01 1.844103318302029934e-02 5.010737202030515931e-03 4.319377630759634485e+03
4.800000000000000000e+01 9.738560598905435794e-01 1.987465014450664341e-02 5.519851567622742310e-03 4.642923930271462268e+03
4.850000000000000000e+01 9.716988144775471348e-01 2.138215556772844750e-02 6.075092823467715709e-03 4.984843585745564269e+03
4.900000000000000000e+01 9.694075801561966577e-01 2.296327750861703806e-02 6.679778496612417786e-03 5.345580314206940784e+03
4.950000000000000000e+01 9.669788529229861318e-01 2.461720107260441728e-02 7.337273488460238462e-03 5.725463202317220748e+03
5.000000000000000000e+01 9.644096608174053120e-01 2.634248062994982292e-02 8.050961582559646931e-03 6.124688772658319976e+03
5.050000000000000000e+01 9.616976644624082304e-01 2.813694841093599200e-02 8.824216315380958506e-03 6.543306337179262300e+03
5.100000000000000000e+01 9.588412559905318266e-01 2.999762360386442478e-02 9.660371748368581576e-03 6.981207260120082537e+03
5.150000000000000000e+01 9.558396525620354023e-01 3.192062655689256734e-02 1.056269348954336044e-02 7.438118458452971936e+03
5.200000000000000000e+01 9.526929807118900140e-01 3.390110292670425046e-02 1.153435001980897094e-02 7.913600120371820594e+03
5.250000000000000000e+01 9.494023480309696783e-01 3.593316259895423109e-02 1.257838401745519502e-02 8.407047269274213249e+03
5.300000000000000000e+01 9.459698991713690885e-01 3.800983791784971061e-02 1.369768300323780455e-02 8.917694496643336606e+03
5.350000000000000000e+01 9.423988538172649587e-01 4.012306521503628681e-02 1.489494831392831897e-02 9.444622977732300569e+03
5.400000000000000000e+01 9.386935250142877107e-01 4.226369285229433087e-02 1.617266120949657077e-02 9.986768793753150021e+03
5.450000000000000000e+01 9.348593170303645117e-01 4.442151803789987780e-02 1.753304486105912094e-02 1.054293161426091865e+04
5.500000000000000000e+01 9.309027026656999659e-01 4.658535360367299649e-02 1.897802106247369058e-02 1.111178292532620981e+04
5.550000000000000000e+01 9.268311805915631085e-01 4.874312480208463361e-02 2.050916074906464909e-02 1.169187319440074316e+04
5.600000000000000000e+01 9.226532138493424018e-01 5.088199505840436399e-02 2.212762777392423760e-02 1.228163761127907310e+04
5.650000000000000000e+01 9.183781510744185583e-01 5.298851853975020121e-02 2.383411586343487862e-02 1.287940030930455760e+04
5.700000000000000000e+01 9.140161323306777996e-01 5.504881641792586794e-02 2.562877922451522669e-02 1.348337722921687055e+04
5.750000000000000000e+01 9.095779816687311614e-01 5.704877283383699010e-02 2.751115787684690894e-02 1.409167801978686657e+04
5.800000000000000000e+01 9.050750886775719151e-01 5.897424584008462839e-02 2.948009939586278619e-02 1.470230755598919131e+04
5.850000000000000000e+01 9.005192814099548526e-01 6.081128802438687947e-02 3.153367932989690342e-02 1.531316778013509429e+04
5.900000000000000000e+01 8.959226931467022537e-01 6.254637111782974934e-02 3.366912304697408653e-02 1.592206062173055579e+04
5.950000000000000000e+01 8.912976255371618528e-01 6.416660868466300682e-02 3.588273212700239523e-02 1.652669272317141440e+04
6.000000000000000000e+01 8.866564107145699092e-01 6.565997098617233629e-02 3.816981861085005229e-02 1.712468259608665176e+04
6.050000000000000000e+01 8.820112750278943370e-01 6.701548631453319027e-02 4.052465043589881938e-02 1.771357067240761171e+04
6.100000000000000000e+01 8.773742070391750136e-01 6.822342349819474072e-02 4.294041123591986475e-02 1.829083251732295321e+04
6.150000000000000000e+01 8.727568323863021948e-01 6.927545087205258523e-02 4.540917738573633372e-02 1.885389526285040120e+04
6.200000000000000000e+01 8.681702979851849689e-01 7.016476775679066080e-02 4.792191476096586966e-02 1.940015712311237439e+04
6.250000000000000000e+01 8.636251678276725130e-01 7.088620536708015174e-02 5.046849719323219519e-02 1.992700968191847642e+04
6.300000000000000000e+01 8.591313323172745653e-01 7.143629502687048882e-02 5.303774805851867169e-02 2.043186250892141106e+04
6.350000000000000000e+01 8.546979326799779564e-01 7.181330256842445581e-02 5.561750585876600733e-02 2.091216956457243577e+04
6.400000000000000000e+01 8.503333015097392922e-01 7.201722878748517687e-02 5.819471405397930869e-02 2.136545679353514060e+04
6.450000000000000000e+01 8.460449199840337497e-01 7.204977678121973761e-02 6.075553477809561564e-02 2.178935027559847731e+04
6.500000000000000000e+01 8.418393917461335363e-01 7.191428787560813496e-02 6.328548542894521511e-02 2.218160429618764829e+04
6.550000000000000000e+01 8.377224329309739259e-01 7.161564862955119293e-02 6.576959646465056764e-02 2.254012870956147890e+04
6.600000000000000000e+01 8.336988773414913956e-01 7.116017206700861464e-02 6.819258807369965592e-02 2.286301499215128206e+04
6.650000000000000000e+01 8.297726953873106881e-01 7.055545682629218995e-02 7.053906272752107076e-02 2.314856041809700764e+04
6.700000000000000000e+01 8.259470250948750536e-01 6.981022832353750429e-02 7.279370999332356040e-02 2.339528983216664346e+04
6.750000000000000000e+01 8.222242132958842431e-01 6.893416630560345038e-02 7.494151940888374441e-02 2.360197454651469161e+04
6.800000000000000000e+01 8.186058649989689240e-01 6.793772331830970346e-02 7.696799673346516046e-02 2.376764794780198645e+04
6.850000000000000000e+01 8.150928989403201097e-01 6.683193864155491382e-02 7.885937852718001573e-02 2.389161747126382761e+04
6.900000000000000000e+01 8.116856073796641091e-01 6.562825214594290857e-02 8.060283981126507846e-02 2.397347267943272891e+04
6.950000000000000000e+01 8.083837183425635065e-01 6.433832230911340488e-02 8.218668955452387848e-02 2.401308927552624664e+04
7.000000000000000000e+01 8.051864586914847521e-01 6.297385229902707771e-02 8.360054893599819237e-02 2.401062898355480866e+04
7.050000000000000000e+01 8.020926166198750762e-01 6.154642759464576396e-02 8.483550775470768968e-02 2.396653533565741236e+04
7.100000000000000000e+01 7.991006023906610523e-01 6.006736808549845152e-02 8.588425498027500715e-02 2.388152551694658905e+04
7.150000000000000000e+01 7.962085063703763232e-01 5.854759698989663030e-02 8.674118023247358311e-02 2.375657852298190846e+04
7.200000000000000000e+01 7.934141536323314758e-01 5.699752828165258189e-02 8.740244389818146997e-02 2.359291997834562426e+04
7.250000000000000000e+01 7.907151546091072403e-01 5.542697364542011756e-02 8.786601458696814693e-02 2.339200404080640874e+04
7.300000000000000000e+01 7.881089514609292968e-01 5.384506932116740752e-02 8.813167363490165274e-02 2.315549286990392648e+04
7.350000000000000000e+01 7.855928599889704378e-01 5.226022257782585861e-02 8.820098733670499180e-02 2.288523416924491903e+04
7.400000000000000000e+01 7.831641070600112720e-01 5.068007700049088210e-02 8.807724847388506695e-02 2.258323731844427311e+04
7.450000000000000000e+01 7.808198636212587695e-01 4.911149530499807347e-02 8.776538947714544736e-02 2.225164859569202963e+04
7.500000000000000000e+01 7.785572734726537991e-01 4.756055802193533827e-02 8.727187019434690107e-02 2.189272595930633906e+04
7.550000000000000000e+01 7.763734780305526773e-01 4.603257612570530594e-02 8.660454372193207573e-02 2.150881381136509663e+04
7.600000000000000000e+01 7.742656373635268263e-01 4.453211552273000223e-02 8.577250409999111203e-02 2.110231811402556195e+04
7.650000000000000000e+01 7.722309478106587077e-01 4.306303124985101649e-02 8.478591987854008916e-02 2.067568217462229222e+04
7.700000000000000000e+01 7.702666565076072835e-01 4.162850925823088910e-02 8.365585764907712552e-02 2.023136336345694508e+04
7.750000000000000000e+01 7.683700731483832369e-01 4.023111375518503841e-02 8.239409961646042280e-02 1.977181098154358551e+04
7.800000000000000000e+01 7.665385793035920381e-01 3.887283823027976037e-02 8.101295917609674380e-02 1.929944545623837621e+04
7.850000000000000000e+01 7.647696356011168817e-01 3.755515848635500309e-02 7.952509827248988028e-02 1.881663901106743288e+04
7.900000000000000000e+01 7.630607870555586869e-01 3.627908621538831341e-02 7.794335005683608597e-02 1.832569793136547014e+04
7.950000000000000000e+01 7.614096668094855191e-01 3.504522188952733514e-02 7.628055004086431445e-02 1.782884652786525476e+04
8.000000000000000000e+01 7.598139985244021233e-01 3.385380596760918792e-02 7.454937856781349015e-02 1.732821288396798627e+04
8.050000000000000000e+01 7.582715976347370601e-01 3.270476763790166469e-02 7.276221699605497917e-02 1.682581645684278919e+04
8.100000000000000000e+01 7.567803716498611166e-01 3.159777052188730145e-02 7.093101952486402517e-02 1.632355758580933070e+04
8.150000000000000000e+01 7.553383196759505536e-01 3.053225494712410656e-02 6.906720209622652096e-02 1.582320894227776262e+04
8.200000000000000000e+01 7.539435312962320390e-01 2.950747655694313520e-02 6.718154929510737616e-02 1.532640893317526024e+04
8.250000000000000000e+01 7.525941849383587234e-01 2.852254115997059081e-02 6.528413965938013874e-02 1.483465704434051440e+04
8.300000000000000000e+01 7.512885458388228743e-01 2.757643583344146498e-02 6.338428931700190727e-02 1.434931108250944999e+04
8.350000000000000000e+01 7.500249636999386516e-01 2.666805638220377112e-02 6.149051340934585941e-02 1.387158624542775942e+04
8.400000000000000000e+01 7.488018701152768797e-01 2.579623132206335448e-02 5.961050435170642259e-02 1.340255592076867106e+04
8.450000000000000000e+01 7.476177758375500693e-01 2.495974260398043168e-02 5.775112563788698666e-02 1.294315408744475280e+04
8.500000000000000000e+01 7.464712679532402584e-01 2.415734332711651569e-02 5.591841962468042937e-02 1.249417916900937234e+04
8.550000000000000000e+01 7.453610070096102769e-01 2.338777270642472192e-02 5.411762753880158122e-02 1.205629916932535343e+04
8.600000000000000000e+01 7.442857241214168029e-01 2.264976856689693285e-02 5.235321983381181765e-02 1.163005790637422615e+04
8.650000000000000000e+01 7.432442181308878126e-01 2.194207763409710896e-02 5.062893498404558157e-02 1.121588215144475726e+04
8.700000000000000000e+01 7.422353527965427356e-01 2.126346388137366483e-02 4.894782482930272460e-02 1.081408947805361277e+04
8.750000000000000000e+01 7.412580540623291414e-01 2.061271518005412806e-02 4.731230466833905024e-02 1.042489662755929203e+04
8.800000000000000000e+01 7.403113074269888072e-01 1.998864848160678692e-02 4.572420642961125964e-02 1.004842820600468986e+04
8.850000000000000000e+01 7.393941553640525077e-01 1.939011374155356210e-02 4.418483341232448680e-02 9.684725538541166316e+03
8.900000000000000000e+01 7.385056948934592969e-01 1.881599677491536948e-02 4.269501527782197658e-02 9.333755523005063878e+03
8.950000000000000000e+01 7.376450751754010104e-01 1.826522121299712503e-02 4.125516216987103885e-02 8.995419341944432745e+03
9.000000000000000000e+01 7.368114952465923961e-01 1.773674971198177866e-02 3.986531704293248130e-02 8.669560911746799320e+03
9.050000000000000000e+01 7.360042017906078815e-01 1.722958454551921578e-02 3.852520547219706604e-02 8.355974967669133548e+03
9.100000000000000000e+01 7.352224869919652406e-01 1.674276769652327176e-02 3.723428240192797750e-02 8.054414703776291390e+03
9.150000000000000000e+01 7.344656864498324556e-01 1.627538054786084251e-02 3.599177545507833281e-02 7.764598906415110832e+03
9.200000000000000000e+01 7.337331771063391184e-01 1.582654325756668867e-02 3.479672457444130118e-02 7.486218538365616951e+03
9.250000000000000000e+01 7.330243752659417744e-01 1.539541389161654637e-02 3.364801789229689838e-02 7.218942747810916444e+03
9.300000000000000000e+01 7.323387345722419672e-01 1.498118737606472621e-02 3.254442383133294980e-02 6.962424291460859422e+03
9.350000000000000000e+01 7.316757440780047306e-01 1.458309432040404661e-02 3.148461952512497664e-02 6.716304374365361582e+03
9.400000000000000000e+01 7.310349262824014094e-01 1.420039975522777165e-02 3.046721571290918543e-02 6.480216920071928143e+03
9.450000000000000000e+01 7.304158352061200787e-01 1.383240181955889408e-02 2.949077831248521353e-02 6.253792293814919503e+03
9.500000000000000000e+01 7.298180545035309885e-01 1.347843042646090263e-02 2.855384690883473742e-02 6.036660508440189915e+03
9.550000000000000000e+01 7.292411955473122598e-01 1.313784592966483859e-02 2.765495041657075118e-02 5.828453947895620331e+03
9.600000000000000000e+01 7.286848955961281460e-01 1.281003780885779479e-02 2.679262018379317475e-02 5.628809646528017765e+03
9.650000000000000000e+01 7.281488159528739512e-01 1.249442338690524672e-02 2.596540080540364615e-02 5.437371164323033554e+03
9.700000000000000000e+01 7.276326401585815340e-01 1.219044658855728686e-02 2.517185890737424700e-02 5.253790098827307702e+03
9.750000000000000000e+01 7.271360722777271413e-01 1.189757674705670815e-02 2.441059015163686910e-02 5.077727274027434760e+03
9.800000000000000000e+01 7.266588351748159980e-01 1.161530746246776380e-02 2.368022469571677904e-02 4.908853645148187752e+03
9.850000000000000000e+01 7.262006688752635775e-01 1.134315551342502011e-02 2.297943132330460339e-02 4.746850956380553725e+03
9.900000000000000000e+01 7.257613290246270887e-01 1.108065982230999925e-02 2.230692044274656255e-02 4.591412186144665611e+03
9.950000000000000000e+01 7.253405853689131044e-01 1.082738047255092997e-02 2.166144613081466205e-02 4.442241811796396178e+03
1.000000000000000000e+02 7.249382203414176384e-01 1.058289777576031966e-02 2.104180737977387472e-02 4.299055922835304045e+03
1.005000000000000000e+02 7.245540277461459677e-01 1.034681138573364384e-02 2.044684868718570775e-02 4.161582208775705112e+03
1.010000000000000000e+02 7.241878115230311330e-01 1.011873945588893237e-02 1.987546011041257249e-02 4.029559844986132703e+03
1.015000000000000000e+02 7.238393845974070429e-01 9.898317836494975944e-03 1.932657689161984896e-02 3.902739297047866330e+03
1.020000000000000000e+02 7.235085678394925779e-01 9.685199307981699410e-03 1.879917874431157390e-02 3.780882061572963266e+03
1.025000000000000000e+02 7.231951891290302470e-01 9.479052846719819223e-03 1.829228887910393578e-02 3.663760358983747210e+03
1.030000000000000000e+02 7.228990825169463452e-01 9.279562919870752366e-03 1.780497283450227161e-02 3.551156791503880868e+03
1.035000000000000000e+02 7.226200874722092937e-01 9.086428806217411100e-03 1.733633716783359452e-02 3.442863977552276538e+03
1.040000000000000000e+02 7.223580482417870652e-01 8.899363940268188375e-03 1.688552805210612531e-02 3.338684171865276312e+03
1.045000000000000000e+02 7.221128132998696492e-01 8.718095277359325102e-03 1.645172981632299705e-02 3.238428878996020103e+03
1.050000000000000000e+02 7.218842348829680455e-01 8.542362677943303451e-03 1.603416345956965375e-02 3.141918466346667628e+03
1.055000000000000000e+02 7.216721686248470657e-01 8.371918309724281707e-03 1.563208516293169634e-02 3.048981781571532792e+03
1.060000000000000000e+02 7.214764732512892742e-01 8.206526066766172897e-03 1.524478481789466600e-02 2.959455778039215602e+03
1.065000000000000000e+02 7.212970103547624579e-01 8.045961005138279470e-03 1.487158458525257923e-02 2.873185151050351578e+03
1.070000000000000000e+02 7.211336442366237387e-01 7.890008795061105931e-03 1.451183749463543469e-02 2.790021986665651639e+03
1.075000000000000000e+02 7.209862418057569888e-01 7.738465189857772659e-03 1.416492609149251104e-02 2.709825424296081110e+03
1.080000000000000000e+02 7.208546725278915934e-01 7.591135512293499879e-03 1.383026113567569111e-02 2.632461333633087179e+03
1.085000000000000000e+02 7.207388084182247967e-01 7.447834159088914316e-03 1.350728035359676990e-02 2.557802006040222295e+03
1.090000000000000000e+02 7.206385240701359551e-01 7.308384124518126079e-03 1.319544724422776205e-02 2.485725860176597962e+03
1.095000000000000000e+02 7.205536967130610204e-01 7.172616544048597553e-03 1.289424993791847551e-02 2.416117161365084485e+03
1.100000000000000000e+02 7.204842062929910362e-01 7.040370258949518734e-03 1.260320010606784738e-02 2.348865754041744822e+03
1.105000000000000000e+02 7.204299355695240603e-01 6.911491402694274269e-03 1.232183191905370997e-02 2.283866806515396092e+03
1.110000000000000000e+02 7.203907702239328303e-01 6.785833009819674383e-03 1.204970104945091158e-02 2.221020567215688061e+03
1.115000000000000000e+02 7.203665989679195469e-01 6.663254647690874423e-03 1.178638371740594985e-02 2.160232131603544076e+03
1.120000000000000000e+02 7.203573136693091072e-01 6.543622071369043294e-03 1.153147577504484884e-02 2.101411218949006980e+03
1.125000000000000000e+02 7.203628094660550207e-01 6.426806901502959274e-03 1.128459182693407510e-02 2.044471958239243122e+03
1.130000000000000000e+02 7.203829848659214496e-01 6.312686324879688768e-03 1.104536438385734544e-02 1.989332682555558677e+03
1.135000000000000000e+02 7.204177418513448838e-01 6.201142816987175593e-03 1.081344304748605920e-02 1.935915731345751283e+03
1.140000000000000000e+02 7.204669859567438550e-01 6.092063885675793114e-03 1.058849372388178875e-02 1.884147260110892375e+03
1.145000000000000000e+02 7.205306263789960086e-01 5.985341834767729692e-03 1.037019786415371847e-02 1.833957057118823968e+03
1.150000000000000000e+02 7.206085760316617295e-01 5.880873546261925454e-03 1.015825173098331737e-02 1.785278366846002655e+03
1.155000000000000000e+02 7.207007515759609184e-01 5.778560279625125432e-03 9.952365690106023885e-03 1.738047719931597157e+03
1.160000000000000000e+02 7.208070734862047635e-01 5.678307486551265049e-03 9.752263526191356710e-03 1.692204769500392558e+03
1.165000000000000000e+02 7.209274661007752938e-01 5.580024639513999317e-03 9.557681782876942256e-03 1.647692133772005946e+03
1.170000000000000000e+02 7.210618575590745927e-01 5.483625072430846695e-03 9.368369126978456918e-03 1.604455244922035718e+03
1.175000000000000000e+02 7.212101799173463723e-01 5.389025831799775304e-03 9.184085737109205089e-03 1.562442204195219119e+03
1.180000000000000000e+02 7.213723690323347038e-01 5.296147536756075531e-03 9.004602717095046976e-03 1.521603643291340177e+03
1.185000000000000000e+02 7.215483646288074482e-01 5.204914246623248454e-03 8.829701534659376364e-03 1.481892592051829752e+03
1.190000000000000000e+02 7.217381102023648909e-01 5.115253334689436049e-03 8.659173485879476453e-03 1.443264352469666619e+03
1.195000000000000000e+02 7.219415530597713682e-01 5.027095367122660051e-03 8.492819185881432184e-03 1.405676379028533347e+03
1.200000000000000000e+02 7.221586441640704956e-01 4.940373986135566074e-03 8.330448086151133816e-03 1.369088165350963436e+03
1.205000000000000000e+02 7.223893382325873302e-01 4.855025796714781613e-03 8.171878018700333424e-03 1.333461137101403210e+03
1.210000000000000000e+02 7.226335935292569346e-01 4.770990256433384202e-03 8.016934767148230223e-03 1.298758551050912047e+03
1.215000000000000000e+02 7.228913718878490213e-01 4.688209568059279776e-03 7.865451664570859147e-03 1.264945400167981006e+03
1.220000000000000000e+02 7.231626386498949399e-01 4.606628574851021583e-03 7.717269217743597150e-03 1.231988324556952875e+03
1.225000000000000000e+02 7.234473625361107496e-01 4.526194658589569042e-03 7.572234757168324303e-03 1.199855528024020259e+03
1.230000000000000000e+02 7.237455155710682542e-01 4.446857640525528690e-03 7.430202112047248550e-03 1.168516700012790125e+03
1.235000000000000000e+02 7.240570730981403802e-01 4.368569685523028198e-03 7.291031309150860194e-03 1.137942942618611369e+03
1.240000000000000000e+02 7.243820135925037595e-01 4.291285209752082608e-03 7.154588294337699099e-03 1.108106702364729017e+03
1.245000000000000000e+02 7.247203186112951556e-01 4.214960792320578305e-03 7.020744675326174092e-03 1.078981706404776332e+03
1.250000000000000000e+02 7.250719727056228470e-01 4.139555091246055474e-03 6.889377484199986010e-03 1.050542902805752874e+03
1.255000000000000000e+02 7.254369633124841954e-01 4.065028764148290695e-03 6.760368958052794322e-03 1.022766404563609854e+03
1.260000000000000000e+02 7.258152807118924965e-01 3.991344393999914260e-03 6.633606336146542250e-03 9.956294370096743478e+02
1.265000000000000000e+02 7.262069178982936135e-01 3.918466420207721707e-03 6.508981671971463337e-03 9.691102882797789562e+02
1.270000000000000000e+02 7.266118704833948172e-01 3.846361075217079491e-03 6.386391658652108491e-03 9.431882625382719425e+02
1.275000000000000000e+02 7.270301366081282080e-01 3.774996326740684503e-03 6.265737466239249855e-03 9.178436356749767810e+02
1.280000000000000000e+02 7.274617168462258476e-01 3.704341825616432309e-03 6.146924589557065284e-03 8.930576132233352382e+02
1.285000000000000000e+02 7.279066141070354989e-01 3.634368859202214384e-03 6.029862705432313674e-03 8.688122902810792993e+02
1.290000000000000000e+02 7.283648335377099770e-01 3.565050310122956125e-03 5.914465538310332768e-03 8.450906132494130816e+02
1.295000000000000000e+02 7.288363824248823564e-01 3.496360620101278491e-03 5.800650733453967776e-03 8.218763432414946237e+02
1.300000000000000000e+02 7.293212700959212924e-01 3.428275758531373289e-03 5.688339737118415507e-03 7.991540210446808032e+02
1.305000000000000000e+02 7.298195078198238539e-01 3.360773195398662153e-03 5.577457683289722620e-03 7.769089335524340640e+02
1.310000000000000000e+02 7.303311087077893893e-01 3.293831878107373809e-03 5.467933286760446460e-03 7.551270816099565764e+02
1.315000000000000000e+02 7.308560876134837514e-01 3.227432211755105768e-03 5.359698742485972424e-03 7.337951492417615782e+02
1.320000000000000000e+02 7.313944610329664586e-01 3.161556042387815742e-03 5.252689631313998096e-03 7.129004742489294131e+02
1.325000000000000000e+02 7.319462470042311653e-01 3.096186642779381274e-03 5.146844832302819792e-03 6.924310201783612229e+02
1.330000000000000000e+02 7.325114650062678479e-01 3.031308700305430752e-03 5.042106441938194565e-03 6.723753496758326946e+02
1.335000000000000000e+02 7.330901358425054859e-01 2.966908306519069113e-03 4.938419700621328630e-03 6.527225992390759757e+02
1.340000000000000000e+02 7.336822815647306983e-01 2.902972948083685535e-03 4.835732926831134981e-03 6.334624553868121666e+02
1.345000000000000000e+02 7.342879253794024619e-01 2.839491498772000241e-03 4.733997459362559480e-03 6.145851322550042823e+02
1.350000000000000000e+02 7.349070915067041909e-01 2.776454212297595116e-03 4.633167608011025743e-03 5.960813506231856991e+02
1.355000000000000000e+02 7.355398050910456620e-01 2.713852715801954273e-03 4.533200613013209888e-03 5.779423183622453735e+02
1.360000000000000000e+02 7.361860920938937403e-01 2.651680003873304031e-03 4.434056613470117175e-03 5.601597122812374892e+02
1.365000000000000000e+02 7.368459791847958851e-01 2.589930433020320392e-03 4.335698624873635283e-03 5.427256613354730916e+02
1.370000000000000000e+02 7.375194936303944848e-01 2.528599716561539569e-03 4.238092525737154927e-03 5.256327311420971000e+02
1.375000000000000000e+02 7.382066631811914359e-01 2.467684919917907845e-03 4.141207053199453571e-03 5.088739097333556742e+02
1.380000000000000000e+02 7.389075159558418093e-01 2.407184456309956980e-03 4.045013807333608033e-03 4.924425944625057809e+02
1.385000000000000000e+02 7.396220803228580332e-01 2.347098082861584067e-03 3.949487263754348013e-03 4.763325799634308169e+02
1.390000000000000000e+02 7.403503847794152826e-01 2.287426897099201304e-03 3.854604793982034823e-03 4.605380470529869399e+02
1.395000000000000000e+02 7.410924578272382046e-01 2.228173333808349411e-03 3.760346692893496399e-03 4.450535524553198456e+02
1.400000000000000000e+02 7.418483278455108021e-01 2.169341162170788928e-03 3.666696212472092108e-03 4.298740192200469892e+02
1.405000000000000000e+02 7.426180229605564564e-01 2.110935483054985316e-03 3.573639600963855918e-03 4.149947277014167639e+02
1.410000000000000000e+02 7.434015709124069948e-01 2.052962726273753567e-03 3.481166146454547222e-03 4.004113069632769566e+02
1.415000000000000000e+02 7.441989988770171260e-01 1.995430647556866062e-03 3.389268223803945396e-03 3.861197264747070790e+02
1.420000000000000000e+02 7.450103333338956579e-01 1.938348324916212319e-03 3.297941343808034973e-03 3.721162879632288423e+02
1.425000000000000000e+02 7.458356001086167142e-01 1.881726154009233766e-03 3.207184203404766197e-03 3.583976172961881161e+02
1.430000000000000000e+02 7.466748239948469701e-01 1.825575842035607761e-03 3.116998735692322331e-03 3.449606562657667155e+02
1.435000000000000000e+02 7.475280286872969526e-01 1.769910399635048984e-03 3.027390158486743723e-03 3.318026541586213511e+02
1.440000000000000000e+02 7.483952366307852211e-01 1.714744130193102426e-03 2.938367020104535113e-03 3.189211589968614931e+02
1.445000000000000000e+02 7.492764687146388214e-01 1.660092615909030322e-03 2.849941241011415185e-03 3.063140083424891031e+02
1.450000000000000000e+02 7.501717443206152858e-01 1.605972699937219077e-03 2.762128149926575474e-03 2.939793195620982829e+02
1.455000000000000000e+02 7.510810813985663303e-01 1.552402463882170775e-03 2.674946512909013967e-03 2.819154794522315228e+02
1.460000000000000000e+02 7.520044958385171396e-01 1.499401199908442046e-03 2.588418553875833535e-03 2.701211331280912873e+02
1.465000000000000000e+02 7.529420010752732040e-01 1.446989376720962239e-03 2.502569964909753721e-03 2.585951720792103856e+02
1.470000000000000000e+02 7.538936089655964290e-01 1.395188598678449377e-03 2.417429904604187149e-03 2.473367212952751402e+02
1.475000000000000000e+02 7.548593289543946705e-01 1.344021557322758404e-03 2.333030982570068971e-03 2.363451253638084779e+02
1.480000000000000000e+02 7.558391671965322134e-01 1.293511974639875760e-03 2.249409228092568228e-03 2.256199334392883600e+02
1.485000000000000000e+02 7.568331282200030374e-01 1.243684537412238300e-03 2.166604040783177542e-03 2.151608829811019916e+02
1.490000000000000000e+02 7.578412131154305120e-01 1.194564822077325440e-03 2.084658120931298913e-03 2.049678821562953033e+02
1.495000000000000000e+02 7.588634198164500022e-01 1.146179209573192125e-03 2.003617377129493071e-03 1.950409908033035151e+02
1.500000000000000000e+02 7.598997439029963052e-01 1.098554789725480823e-03 1.923530808640450509e-03 1.853803998557536659e+02
1.505000000000000000e+02 7.609501763826198584e-01 1.051719254815396869e-03 1.844450359905915266e-03 1.759864091321478554e+02
1.510000000000000000e+02 7.620147064259262804e-01 1.005700782059752675e-03 1.766430744584292266e-03 1.668594034088492037e+02
1.515000000000000000e+02 7.630933178715467724e-01 9.605279048373648390e-04 1.689529236561252735e-03 1.579998267113696215e+02
1.520000000000000000e+02 7.641859925660934305e-01 9.162293726073999708e-04 1.613805425523450517e-03 1.494081547833992829e+02
1.525000000000000000e+02 7.652927070401406295e-01 8.728339995898261100e-04 1.539320934935315853e-03 1.410848657250170675e+02
1.530000000000000000e+02 7.664134349015310210e-01 8.303705024135662419e-04 1.466139100626990014e-03 1.330304088314616990e+02
1.535000000000000000e+02 7.675481453524989339e-01 7.888673270907385626e-04 1.394324608698274681e-03 1.252451717117318566e+02
1.540000000000000000e+02 7.686968028661611552e-01 7.483524658415700512e-04 1.323943092075471764e-03 1.177294458216727691e+02
1.545000000000000000e+02 7.698593689924940753e-01 7.088532644829481947e-04 1.255060685825620803e-03 1.104833906081748580e+02
1.550000000000000000e+02 7.710357995246727159e-01 6.703962212976713464e-04 1.187743542230147069e-03 1.035069965282051925e+02
1.555000000000000000e+02 7.722260467233029724e-01 6.330067785283280445e-04 1.122057307634283371e-03 9.680004727668871567e+01
1.560000000000000000e+02 7.734300586727902438e-01 5.967091078848837070e-04 1.058066564199394103e-03 9.036208162836841495e+01
1.565000000000000000e+02 7.746477779834131105e-01 5.615258917157561411e-04 9.958342408650474372e-04 8.419235536796485064e+01
1.570000000000000000e+02 7.758791435932282932e-01 5.274781017679920983e-04 9.354209990423954270e-04 7.828980384724934538e+01
1.575000000000000000e+02 7.771240902484092272e-01 4.945847777433902588e-04 8.768845997710201503e-04 7.265300576397746113e+01
1.580000000000000000e+02 7.783825476506476271e-01 4.628628081368672950e-04 8.202792602352122157e-04 6.728014880301084588e+01
1.585000000000000000e+02 7.796544407162548929e-01 4.323267161132052683e-04 7.656550086084152641e-04 6.216899781163826333e+01
1.590000000000000000e+02 7.809396914288011526e-01 4.029884534241833026e-04 7.130570471323641061e-04 5.731686619675213024e+01
1.595000000000000000e+02 7.822382167189234625e-01 3.748572055773350276e-04 6.625251340988887487e-04 5.272059122931837294e+01
1.600000000000000000e+02 7.835499289073976081e-01 3.479392116280158017e-04 6.140929959500521403e-04 4.837651392030268482e+01
1.605000000000000000e+02 7.848747365457693359e-01 3.222376020626335378e-04 5.677877810143460140e-04 4.428046409132347350e+01
1.610000000000000000e+02 7.862125448914039083e-01 2.977522582606077013e-04 5.236295664272632312e-04 4.042775120289059743e+01
1.615000000000000000e+02 7.875632547979726228e-01 2.744796969535446803e-04 4.816309295243774804e-04 3.681316142382592460e+01
1.620000000000000000e+02 7.889267629265214188e-01 2.524129829354844522e-04 4.417965944310160166e-04 3.343096132853656144e+01
1.625000000000000000e+02 7.903029626554392006e-01 2.315416730102144098e-04 4.041231636977906131e-04 3.027490849582579813e+01
1.630000000000000000e+02 7.916917446007180059e-01 2.118517937902932773e-04 3.685989436446966000e-04 2.733826915584626960e+01
1.635000000000000000e+02 7.930929954574621465e-01 1.933258554887187883e-04 3.352038705837677912e-04 2.461384289292370298e+01
1.640000000000000000e+02 7.945065981464677352e-01 1.759429032767831542e-04 3.039095433044344753e-04 2.209399426396763388e+01
1.645000000000000000e+02 7.959324329136608922e-01 1.596786071296397058e-04 2.746793651493296138e-04 1.977069103813467166e+01
1.650000000000000000e+02 7.973703777248899449e-01 1.445053903604772187e-04 2.474687967155986420e-04 1.763554860694987525e+01
1.655000000000000000e+02 7.988203070191906008e-01 1.303925962718157033e-04 2.222257177363680001e-04 1.567987995948013591e+01
1.660000000000000000e+02 8.002820913274446557e-01 1.173066915508719378e-04 1.988908940936034498e-04 1.389475046930710000e+01
1.665000000000000000e+02 8.017556001451840997e-01 1.052115042262998391e-04 1.773985432684078783e-04 1.227103660447604483e+01
1.670000000000000000e+02 8.032406998592173109e-01 9.406849321085481504e-05 1.576769889442051857e-04 1.079948755419960982e+01
1.675000000000000000e+02 8.047372530532752588e-01 8.383704570289459768e-05 1.396493930494963152e-04 9.470788672812552988e+00
1.680000000000000000e+02 8.062451201048499438e-01 7.447479803501822761e-05 1.232345513716848878e-04 8.275625577813661593e+00
1.685000000000000000e+02 8.077641597025243536e-01 6.593797496324014856e-05 1.083477370995005612e-04 7.204747709328865213e+00
1.690000000000000000e+02 8.092942257712952836e-01 5.818174190738659038e-05 9.490157535301061440e-05 6.249030166019759136e+00
1.695000000000000000e+02 8.108351704125734694e-01 5.116056430446223299e-05 8.280693100892424401e-05 5.399532678446951728e+00
1.700000000000000000e+02 8.123868435429746349e-01 4.482856803654861668e-05 7.197379196722294547e-05 4.647554664108089817e+00
1.705000000000000000e+02 8.139490887992023582e-01 3.913989485555974132e-05 6.231213044197053447e-05 3.984685425554480798e+00
1.710000000000000000e+02 8.155217507265536403e-01 3.404904685745115226e-05 5.373272586948483261e-05 3.402848698951830730e+00
1.715000000000000000e+02 8.171046667461745461e-01 2.951121435585424640e-05 4.614793455526000610e-05 2.894340928493539522e+00
1.720000000000000000e+02 8.186976729854379409e-01 2.548258196450514163e-05 3.947239314686986765e-05 2.451862824577927480e+00
1.725000000000000000e+02 8.203006000694030853e-01 2.192060830494152400e-05 3.362364532631939297e-05 2.068543952686223264e+00
1.730000000000000000e+02 8.219132759270242339e-01 1.878427548810916042e-05 2.852268365556444687e-05 1.737960287744573229e+00
1.735000000000000000e+02 8.235355224308447131e-01 1.603430535085735413e-05 2.409440117456081236e-05 1.454144848382158628e+00
1.740000000000000000e+02 8.251671596098685280e-01 1.363334032588877223e-05 2.026795003668462389e-05 1.211591690810968514e+00
1.745000000000000000e+02 8.268079986442984364e-01 1.154608775435773476e-05 1.697700707287731149e-05 1.005253688034468018e+00
1.750000000000000000e+02 8.284578502163858493e-01 9.739427375854811431e-06 1.415994861380992083e-05 8.305346428542537129e-01
1.755000000000000000e+02 8.301165176823942504e-01 8.182482618241351298e-06 1.175993909026356698e-05 6.832763799285185291e-01
1.760000000000000000e+02 8.317837972804892344e-01 6.846657127632547304e-06 9.724939810426547204e-06 5.597415313165817752e-01
1.765000000000000000e+02 8.334594829802299820e-01 5.705638700633496198e-06 8.007645828930483488e-06 4.565927710318395394e-01
1.770000000000000000e+02 8.351433614309577980e-01 4.735373386712789480e-06 6.565359943928343795e-06 3.708692677801210258e-01
1.775000000000000000e+02 8.368352132570308077e-01 3.914013004286521896e-06 5.359813572702793841e-06 2.999611130627182765e-01
1.780000000000000000e+02 8.385348130428328384e-01 3.221839652863806381e-06 4.356944570864107706e-06 2.415824469866595658e-01
1.785000000000000000e+02 8.402419292174041487e-01 2.641171004953886228e-06 3.526642002230234079e-06 1.937439501195821201e-01
1.790000000000000000e+02 8.419563239663694354e-01 2.156250230538946407e-06 2.842467479693665537e-06 1.547253008233734350e-01
1.795000000000000000e+02 8.436777531731801671e-01 1.753124354084899630e-06 2.281362037841274942e-06 1.230481182582972566e-01
1.800000000000000000e+02 8.454059663774025069e-01 1.419514683587344429e-06 1.823346629063041730e-06 9.744982619045022831e-02
1.805000000000000000e+02 8.471407067642070521e-01 1.144682700331893294e-06 1.451223321561802620e-06 7.685878605638492289e-02
1.810000000000000000e+02 8.488817111820335937e-01 9.192944761159137117e-07 1.150283182592744342e-06 6.037096308714739318e-02
1.815000000000000000e+02 8.506287072488545320e-01 7.352863117181276356e-07 9.080257098046695580e-07 4.722830963278763089e-02
1.820000000000000000e+02 8.523814212686096070e-01 5.857338863370409271e-07 7.138935757638809340e-07 3.679897738469528612e-02
1.825000000000000000e+02 8.541395681151849884e-01 4.647267913319844117e-07 5.590254142753859069e-07 2.855940647558090351e-02
1.830000000000000000e+02 8.559028603918632516e-01 3.672499097843208484e-07 4.360284311160826827e-07 2.207828529963794598e-02
1.835000000000000000e+02 8.576710001733081068e-01 2.890727105014919088e-07 3.387717863263151836e-07 1.700233062637284201e-02
1.840000000000000000e+02 8.594436861934626748e-01 2.266471624699400299e-07 2.622009820356798011e-07 1.304380300004771495e-02
1.845000000000000000e+02 8.612206104535902185e-01 1.770146517787515883e-07 2.021729033507672345e-07 9.969646970383631499e-03
1.850000000000000000e+02 8.630014584474005046e-01 1.377220029068337923e-07 1.553106982650891218e-07 7.592128558648069715e-03
1.855000000000000000e+02 8.647859078280052403e-01 1.067464724590566791e-07 1.188773389265318547e-07 5.760832506176960174e-03
1.860000000000000000e+02 8.665736327864500543e-01 8.242939599575165031e-08 9.066647012031585231e-08 4.355878152057989991e-03
1.865000000000000000e+02 8.683642997275172748e-01 6.341802558272375790e-08 6.890900810553564761e-08 3.282214082696375233e-03
1.870000000000000000e+02 8.701575690796928830e-01 4.861499366969782830e-08 5.219388920557296242e-08 2.464856859129745288e-03
1.875000000000000000e+02 8.719530930589639572e-01 3.713477344147895053e-08 3.940136771315382245e-08 1.844947110928817774e-03
1.880000000000000000e+02 8.737505180234338420e-01 2.826647180051412382e-08 2.964731221424727712e-08 1.376506158289798150e-03
1.885000000000000000e+02 8.755494846306448586e-01 2.144228334377086133e-08 2.223703505597544815e-08 1.023787294103371825e-03
1.890000000000000000e+02 8.773496192252295822e-01 1.621094682333271528e-08 1.662729969148814458e-08 7.591272774759746629e-04
1.895000000000000000e+02 8.791505452741128490e-01 1.221557466238673113e-08 1.239527514914045877e-08 5.612149521528313895e-04
1.900000000000000000e+02 8.809518706038710345e-01 9.175266608995574323e-09 9.213337855754437947e-09 4.137048297210122556e-04
1.905000000000000000e+02 8.827531917009987517e-01 6.869966582009497234e-09 6.828752211819420712e-09 3.041137042580997611e-04
1.910000000000000000e+02 8.845540853637958723e-01 5.128073843066979948e-09 5.047387984409653913e-09 2.229477242564033366e-04
1.915000000000000000e+02 8.863541115974133966e-01 3.816373085557432999e-09 3.720751462230637163e-09 1.630157495170599861e-04
1.920000000000000000e+02 8.881528029127542245e-01 2.831900741453700133e-09 2.735716297267211769e-09 1.188922370163516130e-04
1.925000000000000000e+02 8.899496523246598345e-01 2.095415192197887611e-09 2.006437892178570664e-09 8.649934835644269078e-05
1.930000000000000000e+02 8.917441146517109951e-01 1.546185544768651975e-09 1.468021690460763739e-09 6.278350291257995999e-05
1.935000000000000000e+02 8.935355730371565830e-01 1.137856517194530145e-09 1.071590962329783926e-09 4.546628718121466901e-05
1.940000000000000000e+02 8.953233312482971051e-01 8.351854262840550854e-10 7.804642282374097765e-10 3.285355630881354159e-05
1.945000000000000000e+02 8.971065694693673986e-01 6.114811979261852178e-10 5.672071587928151091e-10 2.368981749722835840e-05
1.950000000000000000e+02 8.988843003516376884e-01 4.466048369627073455e-10 4.113696160104381743e-10 1.704765568639293841e-05
1.955000000000000000e+02 9.006552857411063151e-01 3.254161437856370711e-10 2.977564965651988199e-10 1.224413418415872182e-05
1.960000000000000000e+02 9.024179431545036323e-01 2.365729818310019015e-10 2.151122381874388234e-10 8.777854734976002789e-06
1.965000000000000000e+02 9.041701759956811690e-01 1.716074660318418396e-10 1.551242411159577862e-10 6.281762953943426476e-06
1.970000000000000000e+02 9.059091504660735650e-01 1.242184583877863427e-10 1.116709459404073922e-10 4.487897699019018500e-06
1.975000000000000000e+02 9.076310191200425148e-01 8.973212100799837094e-11 8.025671284176560770e-11 3.201159993607329380e-06
1.980000000000000000e+02 9.093308195244047543e-01 6.469236804284527566e-11 5.758868221043092220e-11 2.279863739815927613e-06
1.985000000000000000e+02 9.110030474000008205e-01 4.655122330463528945e-11 4.126108195576018936e-11 1.621364555059159654e-06
1.990000000000000000e+02 9.126435979197258241e-01 3.343563896111117556e-11 2.952050868608054539e-11 1.151475966500658268e-06
1.995000000000000000e+02 9.142515754673837813e-01 2.397254619486900058e-11 2.109198935959560985e-11 8.166995550267712452e-07
2.000000000000000000e+02 9.158287869431585015e-01 1.715806693182557782e-11 1.505049205422895159e-11 5.785382175062200114e-07
2.005000000000000000e+02 9.173779592984089293e-01 1.226010404773282895e-11 1.072629797139644026e-11 4.093461636983529369e-07
2.010000000000000000e+02 9.189017401444833366e-01 8.746057683694684710e-12 7.635513681798463105e-12 2.893088145031163687e-07
2.015000000000000000e+02 9.204023488208121773e-01 6.229363906484280388e-12 5.429186938641213251e-12 2.042508439356234680e-07
2.020000000000000000e+02 9.218816009145823775e-01 4.430073636857513717e-12 3.856144853302364447e-12 1.440493391364863435e-07
2.025000000000000000e+02 9.233409509047674213e-01 3.145869229158675329e-12 2.735920668877549091e-12 1.014877387148849461e-07
2.030000000000000000e+02 9.247815868241068271e-01 2.230819494822559915e-12 1.939071473418529401e-12 7.142978567695466001e-08
2.035000000000000000e+02 9.262044889381307877e-01 1.579857691873241065e-12 1.372893941700486634e-12 5.022515291467084774e-08
2.040000000000000000e+02 9.276104837522071156e-01 1.117477069918535317e-12 9.710788594245409556e-13 3.528261636365121144e-08
2.045000000000000000e+02 9.290002342730618867e-01 7.895184640006249557e-13 6.862424105100573876e-13 2.476447143833541482e-08
2.050000000000000000e+02 9.303743175604666238e-01 5.572130085914961051e-13 4.845556228205174267e-13 1.736855125353176834e-08
2.055000000000000000e+02 9.317332252531445036e-01 3.928650366753924968e-13 3.418935596980438218e-13 1.217313914622903056e-08
2.060000000000000000e+02 9.330773565751968590e-01 2.767278218458831596e-13 2.410756638179404368e-13 8.526682047622399609e-09
2.065000000000000000e+02 9.344070485853341879e-01 1.947473070397721097e-13 1.698861987532822550e-13 5.969297386969266700e-09
2.070000000000000000e+02 9.357226168642067687e-01 1.369369933843426004e-13 1.196533995133379941e-13 4.176880217286754432e-09
2.075000000000000000e+02 9.370243387596638440e-01 9.621075230922728202e-14 8.423034683606074920e-14 2.921331932232101799e-09
2.080000000000000000e+02 9.383124204532523605e-01 6.754683499523020166e-14 5.926530909366449870e-14 2.042310115737435184e-09
2.085000000000000000e+02 9.395870344964426524e-01 4.739060275075878408e-14 4.168057125075091525e-14 1.427207342466275409e-09
2.090000000000000000e+02 9.408483423474287566e-01 3.322872430176324938e-14 2.930113148614596191e-14 9.969961673261569397e-10
2.095000000000000000e+02 9.420964941652372193e-01 2.328612311720143236e-14 2.059084163814474157e-14 6.962452635104371928e-10
2.100000000000000000e+02 9.433316287236108710e-01 1.631055259026135147e-14 1.446532148400773236e-14 4.860921816768146454e-10
2.105000000000000000e+02 9.445537889615399640e-01 1.141960635586443778e-14 1.015951914985979025e-14 3.393043305654389137e-10
2.110000000000000000e+02 9.457631136767352675e-01 7.992169317658285319e-15 7.134025430116263619e-15 2.368099320297420225e-10
2.115000000000000000e+02 9.469596207764284790e-01 5.591485976895008374e-15 5.008806666225859123e-15 1.652615600567223616e-10
2.120000000000000000e+02 9.481433752323731312e-01 3.910711257179892243e-15 3.516325180953676990e-15 1.153246742242511899e-10
2.125000000000000000e+02 9.493144288573486245e-01 2.734433114678607391e-15 2.468378715762684846e-15 8.047554356587183562e-11
2.130000000000000000e+02 9.504728076293237349e-01 1.911524991798247321e-15 1.732657936815136021e-15 5.615741928079544752e-11
2.135000000000000000e+02 9.516185313737340890e-01 1.336020309039761930e-15 1.216191506386733726e-15 3.918877372187730732e-11
2.140000000000000000e+02 9.527516139941029083e-01 9.336554089037796652e-16 8.536708706345591862e-16 2.734882815781174027e-11
2.145000000000000000e+02 9.538720637147075632e-01 6.524101133063687504e-16 5.992280403732945364e-16 1.908763073960686612e-11
2.150000000000000000e+02 9.549798471240219522e-01 4.558629701961603553e-16 4.206523040515406228e-16 1.332348458584726518e-11
2.155000000000000000e+02 9.560749772186437623e-01 3.185260002164922271e-16 2.953259939127167022e-16 9.301518119440378002e-12
2.160000000000000000e+02 9.571574578352151086e-01 2.225706272661992007e-16 2.073695565520247517e-16 6.494977826785337898e-12
2.165000000000000000e+02 9.582272535853115780e-01 1.555309987074937118e-16 1.456361755309908880e-16 4.536336921463103208e-12
2.170000000000000000e+02 9.592843143554324881e-01 1.086938315875568207e-16 1.023028836622777841e-16 3.169203147826742547e-12
2.175000000000000000e+02 9.603286711880870685e-01 7.597032714654937514e-17 7.188056124654986163e-17 2.214739117091119582e-12
2.180000000000000000e+02 9.613602207007470035e-01 5.310640039983858369e-17 5.051827491788339018e-17 1.548214843454011000e-12
2.185000000000000000e+02 9.623789937983878717e-01 3.713015011781640353e-17 3.551456749196447198e-17 1.082638464333953163e-12
2.190000000000000000e+02 9.633849009318840029e-01 2.596553290843761453e-17 2.497429509901469216e-17 7.573330239647887085e-13
2.195000000000000000e+02 9.643779483332444169e-01 1.816236261752088187e-17 1.756780505331864530e-17 5.299688290970797374e-13
2.200000000000000000e+02 9.653580421553064062e-01 1.270765727662706025e-17 1.236202616493093101e-17 3.710086109180862035e-13
2.205000000000000000e+02 9.663252040964001033e-01 8.893839666637194576e-18 8.702042791629760682e-18 2.598359875337017914e-13
2.210000000000000000e+02 9.672793012035270088e-01 6.226660447707022448e-18 6.128075382960243676e-18 1.820573004482191444e-13
2.215000000000000000e+02 9.682203731692446969e-01 4.360872775828233039e-18 4.317275184553377851e-18 1.276208740833952165e-13
2.220000000000000000e+02 9.691483111601322253e-01 3.055296341185040754e-18 3.042904042088649171e-18 8.950559991509101207e-14
2.225000000000000000e+02 9.700630925489918122e-01 2.141429548313854191e-18 2.145695893319716766e-18 6.280612279362889757e-14
2.230000000000000000e+02 9.709646877033764056e-01 1.501528297495295902e-18 1.513757875920728696e-18 4.409444656618020679e-14
2.235000000000000000e+02 9.718529780641281812e-01 1.053298563042383704e-18 1.068461530656234920e-18 3.097431718021266596e-14
2.240000000000000000e+02 9.727279878621299947e-01 7.392085197157617640e-19 7.545380409796113412e-19 2.177012690406435414e-14
2.245000000000000000e+02 9.735896321464673209e-01 5.190263182049982060e-19 5.331249678863267986e-19 1.530972184854719695e-14
2.250000000000000000e+02 9.744378468160174167e-01 3.646096003167179588e-19 3.768852310189136273e-19 1.077276604685598070e-14
2.255000000000000000e+02 9.752726289767948975e-01 2.562666475911138605e-19 2.665807612382253152e-19 7.584867564382196652e-15
2.260000000000000000e+02 9.760938746517419107e-01 1.802144755528535777e-19 1.886670131653205774e-19 5.343642610667268761e-15
2.265000000000000000e+02 9.769015641455232046e-01 1.268026824449689519e-19 1.336037272575176855e-19 3.767066306505315196e-15
2.270000000000000000e+02 9.776956758671959680e-01 8.927200698555996386e-20 9.466819169022965521e-20 2.657375623391626014e-15
2.275000000000000000e+02 9.784760852122662556e-01 6.288638905512325374e-20 6.712110946122626599e-20 1.875827798938483873e-15
2.280000000000000000e+02 9.792428219786069032e-01 4.432601510886379365e-20 4.761999599990345770e-20 1.325039597076736883e-15
2.285000000000000000e+02 9.799958199440856887e-01 3.126277670426922233e-20 3.380644873890203447e-20 9.366239988674238117e-16
2.290000000000000000e+02 9.807350051847104622e-01 2.206325112787225338e-20 2.401562919221450151e-20 6.625312530489886280e-16
2.295000000000000000e+02 9.814603959955950918e-01 1.558084395708835508e-20 1.707169829998656102e-20 4.689819362966417232e-16
2.300000000000000000e+02 9.821718843738587168e-01 1.101028104814821451e-20 1.214373176696616458e-20 3.322146113891781738e-16
2.305000000000000000e+02 9.828694845655810974e-01 7.785707932830844615e-21 8.644204714772075283e-21 2.355042984907462829e-16
2.310000000000000000e+02 9.835531445620804281e-01 5.509296020267836072e-21 6.157444868684842728e-21 1.670711576108229860e-16
2.315000000000000000e+02 9.842228129203105524e-01 3.901198134978632210e-21 4.389186555711608980e-21 1.186129032033091014e-16
2.320000000000000000e+02 9.848785015556182909e-01 2.764451381292977681e-21 3.130984612847878275e-21 8.427435436988146776e-17
2.325000000000000000e+02 9.855201147563580344e-01 1.960350393744793465e-21 2.235096352919364593e-21 5.992346017526217757e-17
2.330000000000000000e+02 9.861477064348270760e-01 1.391158857742391726e-21 1.596741104731726111e-21 4.264230437026086798e-17
2.335000000000000000e+02 9.867611611621659451e-01 9.879668224815377960e-22 1.141562342127693337e-21 3.036900636540394824e-17
2.340000000000000000e+02 9.873605498591517815e-01 7.021581486549410012e-22 8.167611539315600676e-22 2.164561537177508098e-17
2.345000000000000000e+02 9.879457648332616859e-01 4.994118585894351819e-22 5.848223492929842748e-22 1.544051303704178522e-17
2.350000000000000000e+02 9.885168661865643136e-01 3.554827486045503507e-22 4.190726846667494186e-22 1.102323002899559562e-17
2.355000000000000000e+02 9.890737841011013609e-01 2.532318948300555777e-22 3.005345670234216651e-22 7.876157722465011888e-18
2.360000000000000000e+02 9.896165374059504583e-01 1.805355762933467665e-22 2.156962487129048942e-22 5.632245633923483083e-18
2.365000000000000000e+02 9.901451267698457848e-01 1.288118520893758064e-22 1.549306902359916946e-22 4.031010165310589873e-18
2.370000000000000000e+02 9.906594968734483420e-01 9.198168130161197879e-23 1.113737277844448815e-22 2.887452939029819314e-18
2.375000000000000000e+02 9.911597062910738609e-01 6.573594796329653206e-23 8.012760951543087135e-23 2.070085107862351596e-18
2.380000000000000000e+02 9.916457328463159637e-01 4.701797478222370932e-23 5.769514104480830328e-23 1.485378395087862019e-18
2.385000000000000000e+02 9.921175528840688873e-01 3.365793538776966979e-23 4.157737779982804508e-23 1.066754927558938887e-18
2.390000000000000000e+02 9.925752173199562378e-01 2.411441137546225666e-23 2.998738453175834614e-23 7.667849058049896552e-19
2.395000000000000000e+02 9.930187332761265528e-01 1.729157495571995503e-23 2.164642834491525647e-23 5.516532499562665800e-19
